500
0.0
0.02004008016032064
0.04008016032064128
0.06012024048096192
0.08016032064128256
0.1002004008016032
0.12024048096192384
0.1402805611222445
0.16032064128256512
0.18036072144288576
0.2004008016032064
0.22044088176352705
0.24048096192384769
0.2605210420841683
0.280561122244489
0.3006012024048096
0.32064128256513025
0.3406813627254509
0.3607214428857715
0.3807615230460922
0.4008016032064128
0.42084168336673344
0.4408817635270541
0.4609218436873747
0.48096192384769537
0.501002004008016
0.5210420841683366
0.5410821643286573
0.561122244488978
0.5811623246492986
0.6012024048096192
0.6212424849699398
0.6412825651302605
0.6613226452905812
0.6813627254509018
0.7014028056112224
0.721442885771543
0.7414829659318637
0.7615230460921844
0.781563126252505
0.8016032064128256
0.8216432865731462
0.8416833667334669
0.8617234468937875
0.8817635270541082
0.9018036072144289
0.9218436873747494
0.9418837675350701
0.9619238476953907
0.9819639278557114
1.002004008016032
1.0220440881763526
1.0420841683366733
1.062124248496994
1.0821643286573146
1.1022044088176353
1.122244488977956
1.1422845691382766
1.1623246492985972
1.1823647294589177
1.2024048096192383
1.222444889779559
1.2424849699398797
1.2625250501002003
1.282565130260521
1.3026052104208417
1.3226452905811623
1.342685370741483
1.3627254509018036
1.3827655310621243
1.4028056112224447
1.4228456913827654
1.442885771543086
1.4629258517034067
1.4829659318637274
1.503006012024048
1.5230460921843687
1.5430861723446894
1.56312625250501
1.5831663326653307
1.6032064128256511
1.6232464929859718
1.6432865731462925
1.6633266533066131
1.6833667334669338
1.7034068136272544
1.723446893787575
1.7434869739478958
1.7635270541082164
1.783567134268537
1.8036072144288577
1.8236472945891782
1.8436873747494988
1.8637274549098195
1.8837675350701402
1.9038076152304608
1.9238476953907815
1.9438877755511021
1.9639278557114228
1.9839679358717435
2.004008016032064
2.024048096192385
2.0440881763527052
2.064128256513026
2.0841683366733466
2.1042084168336674
2.124248496993988
2.1442885771543083
2.164328657314629
2.1843687374749496
2.2044088176352705
2.224448897795591
2.244488977955912
2.2645290581162323
2.284569138276553
2.3046092184368736
2.3246492985971945
2.344689378757515
2.3647294589178354
2.3847695390781563
2.4048096192384767
2.4248496993987976
2.444889779559118
2.464929859719439
2.4849699398797593
2.50501002004008
2.5250501002004007
2.5450901803607215
2.565130260521042
2.5851703406813624
2.6052104208416833
2.6252505010020037
2.6452905811623246
2.665330661322645
2.685370741482966
2.7054108216432864
2.7254509018036073
2.7454909819639277
2.7655310621242486
2.785571142284569
2.8056112224448895
2.8256513026052104
2.845691382765531
2.8657314629258517
2.885771543086172
2.905811623246493
2.9258517034068134
2.9458917835671343
2.9659318637274548
2.9859719438877756
3.006012024048096
3.0260521042084165
3.0460921843687374
3.066132264529058
3.0861723446893787
3.106212424849699
3.12625250501002
3.1462925851703405
3.1663326653306614
3.186372745490982
3.2064128256513023
3.226452905811623
3.2464929859719436
3.2665330661322645
3.286573146292585
3.306613226452906
3.3266533066132262
3.346693386773547
3.3667334669338675
3.3867735470941884
3.406813627254509
3.4268537074148293
3.44689378757515
3.4669338677354706
3.4869739478957915
3.507014028056112
3.527054108216433
3.5470941883767533
3.567134268537074
3.5871743486973946
3.6072144288577155
3.627254509018036
3.6472945891783564
3.6673346693386772
3.6873747494989977
3.7074148296593186
3.727454909819639
3.74749498997996
3.7675350701402803
3.787575150300601
3.8076152304609217
3.8276553106212425
3.847695390781563
3.8677354709418834
3.8877755511022043
3.9078156312625247
3.9278557114228456
3.947895791583166
3.967935871743487
3.9879759519038074
4.008016032064128
4.028056112224449
4.04809619238477
4.06813627254509
4.0881763527054105
4.108216432865731
4.128256513026052
4.148296593186372
4.168336673346693
4.188376753507014
4.208416833667335
4.228456913827655
4.248496993987976
4.268537074148297
4.288577154308617
4.3086172344689375
4.328657314629258
4.348697394789579
4.368737474949899
4.38877755511022
4.408817635270541
4.428857715430862
4.448897795591182
4.468937875751503
4.488977955911824
4.509018036072144
4.529058116232465
4.5490981963927855
4.569138276553106
4.589178356713426
4.609218436873747
4.629258517034068
4.649298597194389
4.669338677354709
4.68937875751503
4.709418837675351
4.729458917835671
4.749498997995992
4.7695390781563125
4.789579158316633
4.809619238476953
4.829659318637274
4.849699398797595
4.869739478957916
4.889779559118236
4.909819639278557
4.929859719438878
4.949899799599198
4.969939879759519
4.98997995991984
5.01002004008016
5.03006012024048
5.050100200400801
5.070140280561122
5.090180360721443
5.110220440881763
5.130260521042084
5.150300601202405
5.170340681362725
5.190380761523046
5.210420841683367
5.2304609218436875
5.2505010020040075
5.270541082164328
5.290581162324649
5.31062124248497
5.33066132264529
5.350701402805611
5.370741482965932
5.390781563126252
5.410821643286573
5.430861723446894
5.4509018036072145
5.4709418837675345
5.490981963927855
5.511022044088176
5.531062124248497
5.551102204408817
5.571142284569138
5.591182364729459
5.611222444889779
5.6312625250501
5.651302605210421
5.671342685370742
5.691382765531062
5.7114228456913825
5.731462925851703
5.751503006012024
5.771543086172344
5.791583166332665
5.811623246492986
5.831663326653306
5.851703406813627
5.871743486973948
5.891783567134269
5.911823647294589
5.9318637274549095
5.95190380761523
5.971943887775551
5.991983967935871
6.012024048096192
6.032064128256513
6.052104208416833
6.072144288577154
6.092184368737475
6.112224448897796
6.132264529058116
6.152304609218437
6.1723446893787575
6.192384769539078
6.212424849699398
6.232464929859719
6.25250501002004
6.27254509018036
6.292585170340681
6.312625250501002
6.332665330661323
6.352705410821643
6.372745490981964
6.3927855711422845
6.4128256513026045
6.432865731462925
6.452905811623246
6.472945891783567
6.492985971943887
6.513026052104208
6.533066132264529
6.55310621242485
6.57314629258517
6.593186372745491
6.613226452905812
6.633266533066132
6.6533066132264524
6.673346693386773
6.693386773547094
6.713426853707414
6.733466933867735
6.753507014028056
6.773547094188377
6.793587174348697
6.813627254509018
6.833667334669339
6.853707414829659
6.8737474949899795
6.8937875751503
6.913827655310621
6.933867735470941
6.953907815631262
6.973947895791583
6.993987975951904
7.014028056112224
7.034068136272545
7.054108216432866
7.074148296593186
7.0941883767535066
7.114228456913827
7.134268537074148
7.154308617234468
7.174348697394789
7.19438877755511
7.214428857715431
7.234468937875751
7.254509018036072
7.274549098196393
7.294589178356713
7.314629258517034
7.3346693386773545
7.354709418837675
7.374749498997995
7.394789579158316
7.414829659318637
7.434869739478958
7.454909819639278
7.474949899799599
7.49498997995992
7.51503006012024
7.535070140280561
7.5551102204408815
7.575150300601202
7.595190380761522
7.615230460921843
7.635270541082164
7.655310621242485
7.675350701402805
7.695390781563126
7.715430861723447
7.735470941883767
7.755511022044088
7.775551102204409
7.7955911823647295
7.8156312625250495
7.83567134268537
7.855711422845691
7.875751503006012
7.895791583166332
7.915831663326653
7.935871743486974
7.955911823647294
7.975951903807615
7.995991983967936
8.016032064128256
8.036072144288577
8.056112224448897
8.076152304609218
8.09619238476954
8.11623246492986
8.13627254509018
8.1563126252505
8.176352705410821
8.196392785571142
8.216432865731463
8.236472945891784
8.256513026052104
8.276553106212425
8.296593186372744
8.316633266533065
8.336673346693386
8.356713426853707
8.376753507014028
8.396793587174349
8.41683366733467
8.436873747494989
8.45691382765531
8.47695390781563
8.496993987975952
8.517034068136272
8.537074148296593
8.557114228456914
8.577154308617233
8.597194388777554
8.617234468937875
8.637274549098196
8.657314629258517
8.677354709418838
8.697394789579159
8.71743486973948
8.737474949899799
8.75751503006012
8.77755511022044
8.797595190380761
8.817635270541082
8.837675350701403
8.857715430861724
8.877755511022043
8.897795591182364
8.917835671342685
8.937875751503006
8.957915831663327
8.977955911823647
8.997995991983968
9.018036072144287
9.038076152304608
9.05811623246493
9.07815631262525
9.098196392785571
9.118236472945892
9.138276553106213
9.158316633266534
9.178356713426853
9.198396793587174
9.218436873747494
9.238476953907815
9.258517034068136
9.278557114228457
9.298597194388778
9.318637274549097
9.338677354709418
9.358717434869739
9.37875751503006
9.39879759519038
9.418837675350701
9.438877755511022
9.458917835671341
9.478957915831662
9.498997995991983
9.519038076152304
9.539078156312625
9.559118236472946
9.579158316633267
9.599198396793588
9.619238476953907
9.639278557114228
9.659318637274549
9.67935871743487
9.69939879759519
9.719438877755511
9.739478957915832
9.759519038076151
9.779559118236472
9.799599198396793
9.819639278557114
9.839679358717435
9.859719438877756
9.879759519038076
9.899799599198396
9.919839679358716
9.939879759519037
9.959919839679358
9.97995991983968
10.0
