100
0.0
0.5050505050505051
1.0101010101010102
1.5151515151515151
2.0202020202020203
2.5252525252525255
3.0303030303030303
3.5353535353535355
4.040404040404041
4.545454545454546
5.050505050505051
5.555555555555556
6.0606060606060606
6.565656565656566
7.070707070707071
7.575757575757576
8.080808080808081
8.585858585858587
9.090909090909092
9.595959595959597
10.101010101010102
10.606060606060607
11.111111111111112
11.616161616161618
12.121212121212121
12.626262626262626
13.131313131313131
13.636363636363637
14.141414141414142
14.646464646464647
15.151515151515152
15.656565656565657
16.161616161616163
16.666666666666668
17.171717171717173
17.67676767676768
18.181818181818183
18.68686868686869
19.191919191919194
19.6969696969697
20.202020202020204
20.70707070707071
21.212121212121215
21.71717171717172
22.222222222222225
22.72727272727273
23.232323232323235
23.73737373737374
24.242424242424242
24.747474747474747
25.252525252525253
25.757575757575758
26.262626262626263
26.767676767676768
27.272727272727273
27.77777777777778
28.282828282828284
28.78787878787879
29.292929292929294
29.7979797979798
30.303030303030305
30.80808080808081
31.313131313131315
31.81818181818182
32.323232323232325
32.82828282828283
33.333333333333336
33.83838383838384
34.343434343434346
34.84848484848485
35.35353535353536
35.85858585858586
36.36363636363637
36.86868686868687
37.37373737373738
37.87878787878788
38.38383838383839
38.88888888888889
39.3939393939394
39.8989898989899
40.40404040404041
40.909090909090914
41.41414141414142
41.919191919191924
42.42424242424243
42.929292929292934
43.43434343434344
43.939393939393945
44.44444444444445
44.949494949494955
45.45454545454546
45.959595959595966
46.46464646464647
46.969696969696976
47.47474747474748
47.979797979797986
48.484848484848484
48.98989898989899
49.494949494949495
50.0
